image: bookmap.pgm
resolution: 0.050000
origin: [-7.826784, -7.278064, 0.000000]
negate: 0
occupied_thresh: 0.65
free_thresh: 0.196

