image: narrow.pgm
resolution: 0.050000
origin: [-7.802740, -6.916332, 0.000000]
negate: 0
occupied_thresh: 0.65
free_thresh: 0.196

