image: obs.pgm
resolution: 0.050000
origin: [-7.635119, -7.206630, 0.000000]
negate: 0
occupied_thresh: 0.65
free_thresh: 0.196

